4938
1791
5467
3587
3360
7800
246
6109
2370
4227
7401
4550
4227
9477
5782
1325
4526
6183
4146
7373
5349
9718
8769
3235
1967
8097
4619
5742
3152
9465
8625
8762
9886
4334
5852
8586
1046
5546
3538
4790
6650
863
9472
4285
3219
2612
7545
3539
1274
457
3128
1838
6157
7270
5355
9321
4344
9839
3693
521
1279
4065
9869
3746
4770
6069
600
9183
954
6634
8044
4338
4851
9492
4247
1503
1304
8080
8029
6779
9408
3584
2890
2219
4186
6705
146
2580
689
1373
7419
6783
4163
7035
3723
1998
4144
4212
7203
3291
8901
4684
135
9954
6578
1797
5823
1647
4303
5590
5698
4914
8778
7334
9190
4742
8039
187
8285
8336
9197
7650
1939
4723
7166
8577
659
1217
5658
8226
8124
8042
3896
5653
3940
9735
8031
4325
1726
4470
1583
1288
3061
6765
4845
9927
934
7381
2596
1878
5160
7448
8461
434
6689
6531
8180
4235
5208
2038
7882
6104
4848
8711
6066
6443
7579
542
1036
4280
9534
5870
5738
5078
7805
8442
3611
4690
9907
5600
8802
8222
2450
3652
2466
306
464
9086
2712
6439
5292
9310
1908
1912
1059
4849
5805
9980
5164
4542
7310
621
9032
5150
8005
9660
1102
4437
7093
3313
5572
4244
2098
2071
3184
5123
7604
5472
4063
1184
6220
7331
2834
8046
6479
1717
4594
9230
7856
8402
6340
4773
7644
3876
2071
5483
9191
3338
3210
2268
124
358
1173
9160
7899
5708
9921
3041
9199
9963
9398
4151
5667
7518
2044
7548
